// Source: genshin-db 8b15995fa220c88a4d0d7ffe1e21b041d0b32588 (MIT).
package sandrone

var talent = map[string]map[string][]float64{
"combat1": {
"param1": {0.762863,0.824957,0.88705,0.975755,1.037848,1.108812,1.206388,1.303964,1.401539,1.507985,1.614431,1.720877,1.827323,1.933769,2.040215},
"param2": {0.67197,0.726665,0.78136,0.859496,0.914191,0.9767,1.06265,1.148599,1.234549,1.328312,1.422075,1.515838,1.609602,1.703365,1.797128},
"param3": {1.028035,1.111713,1.19539,1.314929,1.398606,1.494237,1.62573,1.757223,1.888716,2.032163,2.17561,2.319057,2.462503,2.60595,2.749397},
"param4": {0.43,0.465,0.5,0.55,0.585,0.625,0.68,0.735,0.79,0.85,0.91,0.97,1.03,1.09,1.15},
"param5": {1.2255,1.32525,1.425,1.5675,1.66725,1.78125,1.938,2.09475,2.2515,2.4225,2.5935,2.7645,2.9355,3.1065,3.2775},
"param6": {0.817,0.8835,0.95,1.045,1.1115,1.1875,1.292,1.3965,1.501,1.615,1.729,1.843,1.957,2.071,2.185},
"param7": {0.43,0.465,0.5,0.55,0.585,0.625,0.68,0.735,0.79,0.85,0.91,0.97,1.03,1.09,1.15},
"param8": {0.745878,0.806589,0.8673,0.95403,1.014741,1.084125,1.179528,1.274931,1.370334,1.47441,1.578486,1.682562,1.786638,1.890714,1.99479},
"param9": {1.49144,1.612836,1.734233,1.907656,2.029052,2.167791,2.358556,2.549322,2.740087,2.948195,3.156303,3.364411,3.572519,3.780627,3.988735},
"param10": {1.862889,2.01452,2.16615,2.382765,2.534396,2.707688,2.945964,3.184241,3.422517,3.682455,3.942393,4.202331,4.462269,4.722207,4.982145},
"param11": {1.2255,1.32525,1.425,1.5675,1.66725,1.78125,1.938,2.09475,2.2515,2.4225,2.5935,2.7645,2.9355,3.1065,3.2775},
},
"combat2": {
"param1": {0.324,0.3483,0.3726,0.405,0.4293,0.4536,0.486,0.5184,0.5508,0.5832,0.6156,0.648,0.6885,0.729,0.7695},
"param2": {0.216,0.2322,0.2484,0.27,0.2862,0.3024,0.324,0.3456,0.3672,0.3888,0.4104,0.432,0.459,0.486,0.513},
"param3": {4,4,4,4,4,4,4,4,4,4,4,4,4,4,4},
"param4": {0.324,0.3483,0.3726,0.405,0.4293,0.4536,0.486,0.5184,0.5508,0.5832,0.6156,0.648,0.6885,0.729,0.7695},
},
"combat3": {
"param1": {0.88216,0.948322,1.014484,1.1027,1.168862,1.235024,1.32324,1.411456,1.499672,1.587888,1.676104,1.76432,1.87459,1.98486,2.09513},
"param2": {3.308,3.5561,3.8042,4.135,4.3831,4.6312,4.962,5.2928,5.6236,5.9544,6.2852,6.616,7.0295,7.443,7.8565},
"param3": {2.205333,2.370733,2.536133,2.756667,2.922067,3.087467,3.308,3.528533,3.749067,3.9696,4.190133,4.410667,4.686333,4.962,5.237667},
"param4": {15,15,15,15,15,15,15,15,15,15,15,15,15,15,15},
"param5": {60,60,60,60,60,60,60,60,60,60,60,60,60,60,60},
"param6": {3.308,3.5561,3.8042,4.135,4.3831,4.6312,4.962,5.2928,5.6236,5.9544,6.2852,6.616,7.0295,7.443,7.8565},
},
}
